ПОКАЗАТЕЛИ ЕСТЕСТВЕННОГО ДВИЖЕНИЯ НАСЕЛЕНИЯ ЯНВАРЬ-ДЕКАБРЬ

Человек На 1000 человек населения число родившихся число умерших естественный

прирост (убыль) родившихся умерших прироста (убыли)

населения 2024 г. 2023 г. 2024 г. 2023 г. 2024 г. 2023 г. 2024 г. 2023 г. 2024 г. 2023 г. 2024 г. 2023 г. Всего по республике 32968 35388 51214 47701 -18246 -12313 8,1 8,7 12,6 11,7 -4,5 -3,0 Муниципальные районы: Абзелиловский 477 501 547 486 -70 15 10,9 11,3 12,5 11,0 -1,6 0,3 Альшеевский 250 300 598 583 -348 -283 7,1 8,4 17,0 16,3 -9,9 -7,9 Архангельский 160 196 301 308 -141 -112 9,7 11,7 18,2 18,4 -8,5 -6,7 Аскинский 151 172 301 272 -150 -100 8,7 9,8 17,4 15,5 -8,7 -5,7 Аургазинский 223 252 574 498 -351 -246 7,6 8,4 19,5 16,5 -11,9 -8,1 Баймакский 590 648 752 654 -162 -6 11,1 12,1 14,2 12,2 -3,1 -0,1 г. Баймак 261 264 254 189 7 75 14,9 14,9 14,5 10,7 0,4 4,2 сельские поселения 329 384 498 465 -169 -81 9,3 10,6 14,1 12,9 -4,8 -2,3 Бакалинский 176 206 426 394 -250 -188 7,2 8,3 17,3 15,8 -10,1 -7,5 Балтачевский 134 151 337 285 -203 -134 7,6 8,4 19,1 15,8 -11,5 -7,4 Белебеевский 582 607 1199 1119 -617 -512 6,2 6,4 12,7 11,7 -6,5 -5,3 г. Белебей 401 379 711 647 -310 -268 6,8 6,4 12,1 11,0 -5,3 -4,6 рп. Приютово 104 114 239 242 -135 -128 5,4 5,9 12,5 12,6 -7,1 -6,7 сельские поселения 77 114 249 230 -172 -116 4,6 6,6 14,8 13,4 -10,2 -6,8 Белокатайский 125 167 259 256 -134 -89 7,3 9,6 15,0 14,6 -7,7 -5,0 Белорецкий 814 938 1570 1436 -756 -498 8,5 9,6 16,3 14,7 -7,8 -5,1 г. Белорецк 549 536 996 897 -447 -361 8,7 8,4 15,7 14,0 -7,0 -5,6 сельские поселения 265 402 574 539 -309 -137 8,1 12,0 17,5 16,1 -9,4 -4,1 Бижбулякский 151 153 406 326 -255 -173 7,3 7,2 19,6 15,4 -12,3 -8,2 Бирский 495 529 806 797 -311 -268 8,1 8,6 13,2 12,9 -5,1 -4,3 г. Бирск 378 397 542 535 -164 -138 8,1 8,5 11,6 11,4 -3,5 -2,9 сельские поселения 117 132 264 262 -147 -130 8,1 9,0 18,3 17,8 -10,2 -8,8 Благоварский 197 211 334 283 -137 -72 8,3 8,8 14,1 11,8 -5,8 -3,0 Благовещенский 394 453 680 615 -286 -162 8,1 9,3 14,0 12,6 -5,9 -3,3 г. Благовещенск 306 334 457 385 -151 -51 8,7 9,5 13,0 10,9 -4,3 -1,4 сельские поселения 88 119 223 230 -135 -111 6,6 8,7 16,7 16,9 -10,1 -8,2

Продолжение Человек На 1000 человек населения число родившихся число умерших естественный

прирост (убыль) родившихся умерших прироста (убыли)

населения 2024 г. 2023 г. 2024 г. 2023 г. 2024 г. 2023 г. 2024 г. 2023 г. 2024 г. 2023 г. 2024 г. 2023 г. Буздякский 197 172 395 370 -198 -198 7,8 6,7 15,6 14,5 -7,8 -7,8 Бураевский 121 154 391 411 -270 -257 5,9 7,3 19,0 19,5 -13,1 -12,2 Бурзянский 239 237 188 168 51 69 14,1 13,8 11,1 9,8 3,0 4,0 Гафурийский 276 307 549 483 -273 -176 9,4 10,3 18,8 16,2 -9,4 -5,9 Давлекановский 300 313 573 564 -273 -251 8,5 8,7 16,2 15,7 -7,7 -7,0 г. Давлеканово 202 214 328 303 -126 -89 9,6 10,1 15,6 14,2 -6,0 -4,1 сельские поселения 98 99 245 261 -147 -162 6,9 6,8 17,2 17,9 -10,3 -11,1 Дуванский 281 297 390 351 -109 -54 9,2 9,6 12,7 11,4 -3,5 -1,8 Дюртюлинский 436 510 821 687 -385 -177 7,4 8,6 14,0 11,6 -6,6 -3,0 г. Дюртюли 260 283 374 306 -114 -23 8,3 9,0 12,0 9,7 -3,7 -0,7 сельские поселения 176 227 447 381 -271 -154 6,4 8,1 16,2 13,6 -9,8 -5,5 Ермекеевский 84 88 263 211 -179 -123 5,9 6,1 18,6 14,5 -12,7 -8,4 Зианчуринский 208 249 343 349 -135 -100 9,0 10,5 14,8 14,8 -5,8 -4,3 Зилаирский 112 112 210 206 -98 -94 7,9 7,8 14,9 14,3 -7,0 -6,5 Иглинский 795 731 876 835 -81 -104 11,1 10,3 12,3 11,8 -1,2 -1,5 Илишевский 197 255 500 402 -303 -147 6,5 8,3 16,6 13,2 -10,1 -4,9 Ишимбайский 646 655 1323 1200 -677 -545 7,8 7,9 16,0 14,4 -8,2 -6,5 г. Ишимбай 491 485 951 856 -460 -371 7,9 7,7 15,2 13,6 -7,3 -5,9 сельские поселения 155 170 372 344 -217 -174 7,7 8,3 18,5 16,8 -10,8 -8,5 Калтасинский 161 172 375 366 -214 -194 7,7 8,1 17,9 17,2 -10,2 -9,1 Караидельский 169 193 362 363 -193 -170 7,4 8,3 15,8 15,5 -8,4 -7,2 Кармаскалинский 458 471 726 625 -268 -154 8,9 9,1 14,1 12,1 -5,2 -3,0 Кигинский 157 172 280 237 -123 -65 9,7 10,5 17,3 14,4 -7,6 -3,9 Краснокамский 86 167 447 421 -361 -254 3,4 6,5 17,8 16,5 -14,4 -10,0 Кугарчинский 239 279 478 407 -239 -128 9,2 10,5 18,3 15,3 -9,1 -4,8 Кушнаренковский 207 256 361 369 -154 -113 7,9 9,6 13,8 13,9 -5,9 -4,3 Куюргазинский 126 159 355 296 -229 -137 6,2 7,6 17,4 14,2 -11,2 -6,6 Мелеузовский 662 673 1094 991 -432 -318 8,3 8,4 13,8 12,4 -5,5 -4,0 г. Мелеуз 512 478 754 603 -242 -125 9,3 8,6 13,7 10,9 -4,4 -2,3 сельские поселения 150 195 340 388 -190 -193 6,2 7,9 14,0 15,7 -7,8 -7,8 Мечетлинский 174 203 338 306 -164 -103 8,1 9,2 15,7 13,9 -7,6 -4,7 Мишкинский 179 199 362 331 -183 -132 8,7 9,5 17,7 15,8 -9,0 -6,3 Миякинский 189 207 448 413 -259 -206 8,3 8,9 19,6 17,7 -11,3 -8,8 Нуримановский 152 186 290 293 -138 -107 7,7 9,3 14,6 14,6 -6,9 -5,3 Салаватский 227 234 350 342 -123 -108 9,8 10,0 15,2 14,6 -5,4 -4,6 Стерлибашевский 110 129 298 292 -188 -163 6,8 7,8 18,4 17,6 -11,6 -9,8 Стерлитамакский 414 430 602 483 -188 -53 8,7 9,0 12,7 10,1 -4,0 -1,1

2

Продолжение Человек На 1000 человек населения число родившихся число умерших естественный

прирост (убыль) родившихся умерших прироста (убыли)

населения 2024 г. 2023 г. 2024 г. 2023 г. 2024 г. 2023 г. 2024 г. 2023 г. 2024 г. 2023 г. 2024 г. 2023 г. Татышлинский 162 170 367 306 -205 -136 7,9 8,1 17,9 14,6 -10,0 -6,5 Туймазинский 978 1037 1649 1474 -671 -437 7,5 7,9 12,7 11,2 -5,2 -3,3 г. Туймазы 606 589 782 706 -176 -117 9,0 8,6 11,6 10,4 -2,6 -1,8 сельские поселения 372 448 867 768 -495 -320 6,0 7,1 13,9 12,2 -7,9 -5,1 Уфимский 1248 1184 1079 953 169 231 10,5 10,2 9,1 8,2 1,4 2,0 Учалинский 536 613 1025 980 -489 -367 7,9 8,9 15,0 14,2 -7,1 -5,3 г. Учалы 310 324 472 451 -162 -127 8,6 9,0 13,1 12,5 -4,5 -3,5 сельские поселения 226 289 553 529 -327 -240 7,0 8,8 17,2 16,2 -10,2 -7,4 Федоровский 85 82 267 260 -182 -178 5,6 5,2 17,5 16,6 -11,9 -11,4 Хайбуллинский 242 266 390 354 -148 -88 8,4 9,0 13,5 12,0 -5,1 -3,0 Чекмагушевский 221 239 406 411 -185 -172 8,0 8,6 14,7 14,8 -6,7 -6,2 Чишминский 402 465 675 656 -273 -191 8,0 9,2 13,4 12,9 -5,4 -3,7 рп. Чишмы 208 179 261 259 -53 -80 9,3 8,0 11,7 11,6 -2,4 -3,6 сельские поселения 194 286 414 397 -220 -111 6,9 10,1 14,8 14,0 -7,9 -3,9 Шаранский 147 156 325 298 -178 -142 7,9 8,3 17,6 15,8 -9,7 -7,5 Янаульский 275 319 655 578 -380 -259 6,5 7,5 15,6 13,6 -9,1 -6,1 г. Янаул 201 226 348 304 -147 -78 7,9 8,8 13,7 11,9 -5,8 -3,1 сельские поселения 74 93 307 274 -233 -181 4,4 5,4 18,3 16,0 -13,9 -10,6

Городские округа: г. Уфа 9679 10226 11895 11354 -2216 -1128 8,1 8,6 10,0 9,6 -1,9 -1,0 г. Агидель 86 87 187 186 -101 -99 6,3 6,3 13,7 13,4 -7,4 -7,1 г. Кумертау 404 430 800 768 -396 -338 6,6 7,0 13,1 12,5 -6,5 -5,5 г. Нефтекамск 1371 1429 1520 1433 -149 -4 9,5 9,9 10,5 9,9 -1,0 -0,0 г. Октябрьский 970 1071 1226 1209 -256 -138 8,3 9,2 10,5 10,4 -2,2 -1,2 г. Салават 894 965 1809 1743 -915 -778 6,1 6,6 12,4 11,9 -6,3 -5,3 г. Сибай 491 523 705 661 -214 -138 8,7 9,2 12,5 11,7 -3,8 -2,5 г. Стерлитамак 2149 2322 3012 2854 -863 -532 7,7 8,3 10,7 10,2 -3,0 -1,9

При опубликовании ссылка на Башкортостанстат обязательна

3
