ПОКАЗАТЕЛИ ЕСТЕСТВЕННОГО ДВИЖЕНИЯ НАСЕЛЕНИЯ 

КОЭФФИЦИЕНТ МИГРАЦИОННОГО ПРИРОСТА (УБЫЛИ) НАСЕЛЕНИЯ МУНИЦИПАЛЬНЫХ ОБРАЗОВАНИЙ РЕСПУБЛИКИ БАШКОРТОСТАН

на 10 тысяч человек населения Январь-декабрь 2024 г. 2023 г. Всего по республике -8,5 -2,3

Муниципальные районы: Абзелиловский -68,7 -82,9 Альшеевский -96,0 -65,9 Архангельский -55,8 -71,1 Аскинский -105,4 -144,9 Аургазинский -73,0 -141,6 Баймакский -114,2 -133,4 г.Баймак -44,0 -140,4 сельские поселения -149,0 -129,9 Бакалинский -63,4 -3,6 Балтачевский -88,4 -102,8 Белебеевский -4,2 -37,9 г.Белебей 18,2 -7,6 рп.Приютово 5,2 -48,8 сельские поселения -93,3 -129,9 Белокатайский -104,0 -71,5 Белорецкий -94,4 -47,2 г.Белорецк -83,6 -16,9 сельские поселения -115,2 -105,3 Бижбулякский -114,9 -112,5 Бирский -29,2 -19,3 г.Бирск -16,4 21,9 сельские поселения -70,8 -151,1 Благоварский -95,8 -90,0 Благовещенский -38,4 -54,8 г.Благовещенск -27,1 -18,7 сельские поселения -68,1 -148,1 Буздякский -80,4 -37,1 Бураевский -75,6 -57,1 Бурзянский -90,6 -178,1 Гафурийский -91,6 -107,8 Давлекановский -66,0 -105,6 г.Давлеканово -16,1 -57,3 сельские поселения -140,0 -176,1 Дуванский -39,2 -7,5 Дюртюлинский -88,8 -54,4 г.Дюртюли -83,6 -40,7 сельские поселения -94,8 -69,7 Ермекеевский -168,1 -135,6 Зианчуринский -120,3 -173,1 Зилаирский -92,2 -163,3 Иглинский 98,7 131,0 Илишевский -28,8 -48,8

Продолжение Январь-декабрь 2024 г. 2023 г. Ишимбайский -46,5 -42,5 г.Ишимбай -37,6 -20,3 сельские поселения -74,2 -110,4 Калтасинский -101,0 -120,0 Караидельский -123,3 -134,5 Кармаскалинский -47,4 -49,6 Кигинский -106,3 -45,1 Краснокамский -7,2 -38,0 Кугарчинский -86,9 -134,6 Кушнаренковский -53,7 -83,3 Куюргазинский -146,2 -72,8 Мелеузовский -13,9 -79,7 г.Мелеуз -13,6 -68,0 сельские поселения -14,4 -105,8 Мечетлинский -142,6 -98,7 Мишкинский -151,9 -162,3 Миякинский -123,1 -127,7 Нуримановский -79,8 -87,6 Салаватский -144,4 -122,5 Стерлибашевский -77,2 -133,5 Стерлитамакский 49,2 -12,6 Татышлинский -63,8 -135,0 Туймазинский -56,9 -29,3 г.Туймазы -61,6 -66,8 сельские поселения -51,8 11,3 Уфимский 194,5 210,8 Учалинский -21,9 -54,8 г.Учалы -12,2 13,8 сельские поселения -32,7 -130,7 Федоровский -166,2 -72,9 Хайбуллинский -138,8 -188,7 Чекмагушевский -21,0 -44,9 Чишминский -73,3 -26,0 рп.Чишмы -70,0 13,4 сельские поселения -75,9 -57,3 Шаранский -35,1 -117,4 Янаульский -41,3 -54,0 г.Янаул -11,8 -42,3 сельские поселения -85,9 -71,4

Городские округа: г.Уфа 48,3 58,0 г.Агидель -55,8 -126,2 г.Кумертау -30,1 -35,5 г.Нефтекамск -4,1 41,3 г.Октябрьский 29,9 24,3 г.Салават -51,0 7,8 г.Сибай -53,3 -56,8 г.Стерлитамак 31,8 66,3

При опубликовании ссылка на Башкортостанстат обязательна
